%  1 - Time
%  2 - Pitch angle rate goal
%  3 - Pitch angle goal
%  4 - Altitude rate goal
%  5 - Altitude goal
%  6 - Pitch angle rate
%  7 - Pitch angle
%  8 - Altitude rate
%  9 - Altitude
% 10 - Elevator deflection


0 0 0 -20 100 0 -0.0390625 -10 100 0.261799
0.02 0 0 -19.9202 99.6008 -0.0123605 -0.0391864 -10.0001 99.8 0.261799
0.0533316 0 0 -19.7878 98.939 -0.0326236 -0.0399372 -10.0016 99.4667 0.261799
0.0866613 0 0 -19.6563 98.2817 -0.0524573 -0.0413563 -10.0068 99.1332 0.261799
0.119994 0 0 -19.5257 97.6287 -0.0718567 -0.0434293 -10.0178 98.7995 0.261799
0.153336 0 0 -19.396 96.9798 -0.090819 -0.0461426 -10.0368 98.4652 0.261799
0.186695 0 0 -19.267 96.335 -0.109341 -0.0494824 -10.0658 98.13 0.261799
0.220077 0 0 -19.1388 95.6939 -0.127421 -0.0534355 -10.1069 97.7933 0.261799
0.25349 0 0 -19.0113 95.0566 -0.145056 -0.0579889 -10.1619 97.4547 0.261799
0.28694 0 0 -18.8846 94.4228 -0.162244 -0.0631298 -10.2328 97.1136 0.261799
0.320433 0 0 -18.7585 93.7924 -0.178983 -0.0688455 -10.3213 96.7695 0.261799
0.353976 0 0 -18.6331 93.1653 -0.195271 -0.0751235 -10.4292 96.4215 0.261799
0.387574 0 0 -18.5083 92.5413 -0.211107 -0.0819517 -10.5582 96.069 0.261799
0.421235 0 0 -18.3841 91.9204 -0.226489 -0.089318 -10.7101 95.7111 0.261799
0.454964 0 0 -18.2605 91.3024 -0.241417 -0.0972104 -10.8864 95.347 0.261799
0.488768 0 0 -18.1374 90.6872 -0.255889 -0.105617 -11.0888 94.9756 0.261799
0.522653 0 0 -18.0149 90.0747 -0.269905 -0.114527 -11.3187 94.5961 0.261799
0.556625 0 0 -17.893 89.4648 -0.283465 -0.123928 -11.5778 94.2072 0.261799
0.59069 0 0 -17.7715 88.8573 -0.296567 -0.133809 -11.8675 93.808 0.261799
0.624856 0 0 -17.6504 88.2522 -0.309212 -0.144158 -12.1893 93.3971 0.261799
0.659128 0 0 -17.5299 87.6494 -0.321401 -0.154966 -12.5446 92.9734 0.261799
0.693513 0 0 -17.4097 87.0487 -0.333132 -0.166221 -12.9347 92.5354 0.261799
0.728018 0 0 -17.29 86.45 -0.344407 -0.177911 -13.3611 92.0819 0.261799
0.762649 0 0 -17.1707 85.8533 -0.355226 -0.190027 -13.8252 91.6112 0.261799
0.797415 0 0 -17.0517 85.2584 -0.365591 -0.202559 -14.3282 91.1219 0.261799
0.832322 0 0 -16.9331 84.6653 -0.375501 -0.215495 -14.8714 90.6124 0.261799
0.867377 0 0 -16.8148 84.0738 -0.384959 -0.228825 -15.4562 90.081 0.261799
0.902589 0 0 -16.6968 83.4838 -0.393966 -0.24254 -16.0838 89.5258 0.261799
0.937965 0 0 -16.579 82.8952 -0.402522 -0.25663 -16.7556 88.9451 0.261799
0.973513 0 0 -16.4616 82.3079 -0.41063 -0.271085 -17.4727 88.3368 0.261799
1.00924 0 0 -16.3444 81.7219 -0.418292 -0.285895 -18.2364 87.699 0.261799
1.04516 0 0 -16.2274 81.1369 -0.425509 -0.301051 -19.048 87.0295 0.261799
1.08128 0 0 -16.1106 80.5528 -0.432284 -0.316544 -19.9087 86.3261 0.261799
1.11761 0 0 -15.9939 79.9697 -0.438618 -0.332366 -20.8198 85.5864 0.261799
1.15416 0 0 -15.8774 79.3872 -0.444514 -0.348506 -21.7825 84.8079 0.261799
1.19094 0 0 -15.7611 78.8054 -0.449975 -0.364958 -22.7981 83.9882 0.261799
1.22797 0 0 -15.6448 78.224 -0.455002 -0.381712 -23.868 83.1245 0.261799
1.26525 0 0 -15.5286 77.6429 -0.459599 -0.398761 -24.9933 82.2139 0.261799
1.30279 0 0 -15.4124 77.0621 -0.463769 -0.416098 -26.1756 81.2534 0.261799
1.34041 0 0 -15.2969 76.4845 -0.467494 -0.433614 -27.409 80.2458 0.261799
1.37804 0 0 -15.1822 75.9111 -0.470778 -0.451269 -28.6916 79.1904 0.261799
1.41569 0 0 -15.0683 75.3416 -0.473634 -0.469049 -30.0237 78.0852 0.261799
1.45338 0 0 -14.9552 74.7759 -0.476074 -0.486945 -31.4053 76.9279 0.261799
1.4911 0 0 -14.8428 74.2138 -0.478109 -0.504946 -32.8365 75.7162 0.261799
1.52888 0 0 -14.731 73.6551 -0.479749 -0.52304 -34.3175 74.4479 0.261799
1.56672 0 0 -14.62 73.0998 -0.481008 -0.541218 -35.8484 73.1205 0.261799
1.60463 0 0 -14.5095 72.5477 -0.481894 -0.559471 -37.4293 71.7317 0.261799
1.64262 0 0 -14.3997 71.9986 -0.48242 -0.577788 -39.0601 70.2791 0.261799
1.68069 0 0 -14.2905 71.4524 -0.482595 -0.596161 -40.7411 68.76 0.261799
1.71886 0 0 -14.1818 70.909 -0.48243 -0.61458 -42.4721 67.1719 0.261799
1.75714 0 0 -14.0736 70.3682 -0.481935 -0.633038 -44.2533 65.5122 0.261799
1.79553 0 0 -13.966 69.83 -0.481121 -0.651526 -46.0848 63.7782 0.261799
1.83405 0 0 -13.8588 69.2941 -0.479997 -0.670036 -47.9665 61.9671 0.261799
1.8727 0 0 -13.7521 68.7606 -0.478574 -0.688561 -49.8986 60.0761 0.261799
1.91149 0 0 -13.6458 68.2292 -0.476861 -0.707093 -51.881 58.1021 0.261799
1.95043 0 0 -13.54 67.6998 -0.474868 -0.725626 -53.9138 56.0422 0.261799
1.98954 0 0 -13.4345 67.1724 -0.472605 -0.744153 -55.9971 53.8933 0.261799
2.02882 0 0 -13.3293 66.6467 -0.470082 -0.762668 -58.1309 51.652 0.261799
2.06828 0 0 -13.2246 66.1228 -0.467307 -0.781164 -60.3154 49.3151 0.261799
2.10794 0 0 -13.1201 65.6005 -0.464291 -0.799636 -62.5506 46.8791 0.261799
2.1478 0 0 -13.0159 65.0796 -0.461043 -0.818079 -64.8366 44.3404 0.261799
2.18787 0 0 -12.912 64.56 -0.457571 -0.836487 -67.1737 41.6952 0.261799
2.22818 0 0 -12.8083 64.0417 -0.453886 -0.854856 -69.5619 38.9397 0.261799
2.26873 0 0 -12.7049 63.5244 -0.449996 -0.873182 -72.0015 36.0698 0.261799
2.30953 0 0 -12.6016 63.0082 -0.44591 -0.89146 -74.4927 33.0812 0.261799
2.3506 0 0 -12.4985 62.4927 -0.441637 -0.909688 -77.0358 29.9694 0.261799
2.39196 0 0 -12.3956 61.9779 -0.437186 -0.927862 -79.6311 26.7298 0.261799
2.43362 0 0 -12.2927 61.4637 -0.432566 -0.945979 -82.279 23.3574 0.261799
2.4756 0 0 -12.19 60.9498 -0.427785 -0.964037 -84.98 19.847 0.261799
2.51791 0 0 -12.0872 60.4362 -0.422852 -0.982034 -87.7346 16.1929 0.261799
2.56058 0 0 -11.9845 59.9226 -0.417776 -0.99997 -90.5434 12.3894 0.261799
2.60363 0 0 -11.8818 59.4089 -0.412564 -1.01784 -93.4072 8.43017 0.261799
2.64708 0 0 -11.779 58.8949 -0.407225 -1.03565 -96.3268 4.30836 0.261799
2.69096 0 0 -11.6761 58.3803 -0.401766 -1.0534 -99.3031 0.0167716 0.261799
2.73529 0 0 -11.573 57.865 -0.396197 -1.07109 -102.337 -4.45245 0.261799
2.7801 0 0 -11.4697 57.3487 -0.390524 -1.08872 -105.431 -9.10783 0.261799
2.82543 0 0 -11.3662 56.8311 -0.384756 -1.10629 -108.585 -13.9587 0.261799
2.87132 0 0 -11.2624 56.3119 -0.378898 -1.12381 -111.802 -19.0152 0.261799
2.91781 0 0 -11.1582 55.7908 -0.372959 -1.14128 -115.084 -24.2887 0.261799
2.96494 0 0 -11.0535 55.2673 -0.366945 -1.15872 -118.434 -29.7919 0.261799
3.01278 0 0 -10.9482 54.7411 -0.360863 -1.17613 -121.853 -35.5388 0.261799
3.06138 0 0 -10.8423 54.2116 -0.354717 -1.19352 -125.347 -41.5457 0.261799
3.11081 0 0 -10.7356 53.6782 -0.348514 -1.2109 -128.919 -47.831 0.261799
3.16112 0 0 -10.6282 53.1409 -0.342265 -1.22828 -132.571 -54.4082 0.261799
3.21098 0 0 -10.5227 52.6136 -0.336147 -1.24519 -136.205 -61.108 0.261799
3.26043 0 0 -10.4192 52.0958 -0.330163 -1.26166 -139.823 -67.9334 0.261799
3.30955 0 0 -10.3173 51.5865 -0.324312 -1.27773 -143.426 -74.8897 0.261799
3.35838 0 0 -10.217 51.0851 -0.318597 -1.29343 -147.019 -81.9818 0.261799
3.40699 0 0 -10.1182 50.591 -0.313018 -1.30878 -150.601 -89.2141 0.261799
3.45539 0 0 -10.0207 50.1035 -0.307577 -1.3238 -154.175 -96.5908 0.261799
3.50364 0 0 -9.92447 49.6224 -0.302276 -1.33851 -157.742 -104.116 0.261799
3.55177 0 0 -9.82941 49.147 -0.297116 -1.35294 -161.303 -111.793 0.261799
3.5998 0 0 -9.73544 48.6772 -0.292099 -1.36709 -164.859 -119.626 0.261799
3.64776 0 0 -9.6425 48.2125 -0.287226 -1.38098 -168.411 -127.618 0.261799
3.69568 0 0 -9.55052 47.7526 -0.282499 -1.39463 -171.959 -135.773 0.261799
3.74358 0 0 -9.45946 47.2973 -0.277919 -1.40805 -175.504 -144.096 0.261799
3.79149 0 0 -9.36926 46.8463 -0.273487 -1.42126 -179.047 -152.588 0.261799
3.83942 0 0 -9.27987 46.3994 -0.269205 -1.43426 -182.588 -161.255 0.261799
3.8874 0 0 -9.19125 45.9563 -0.265074 -1.44708 -186.128 -170.1 0.261799
3.93544 0 0 -9.10336 45.5168 -0.261094 -1.45972 -189.667 -179.127 0.261799
3.98357 0 0 -9.01616 45.0808 -0.257266 -1.47219 -193.206 -188.341 0.261799
4.0318 0 0 -8.9296 44.648 -0.253591 -1.48451 -196.746 -197.745 0.261799
4.08015 0 0 -8.84367 44.2183 -0.250069 -1.49669 -200.287 -207.344 0.261799
4.12865 0 0 -8.75831 43.7915 -0.246701 -1.50873 -203.83 -217.142 0.261799
4.1773 0 0 -8.6735 43.3675 -0.243487 -1.52065 -207.375 -227.145 0.261799
4.22613 0 0 -8.5892 42.946 -0.240427 -1.53247 -210.923 -237.358 0.261799
4.27516 0 0 -8.5054 42.527 -0.23752 -1.54418 -214.475 -247.786 0.261799
4.3244 0 0 -8.42204 42.1102 -0.234767 -1.55581 -218.031 -258.435 0.261799
4.37388 0 0 -8.33911 41.6956 -0.232167 -1.56736 -221.593 -269.31 0.261799
4.42361 0 0 -8.25658 41.2829 -0.229721 -1.57885 -225.16 -280.419 0.261799
4.47361 0 0 -8.17442 40.8721 -0.227426 -1.59028 -228.735 -291.768 0.261799
4.52392 0 0 -8.09259 40.4629 -0.225283 -1.60166 -232.317 -303.365 0.261799
4.57454 0 0 -8.01107 40.0553 -0.223291 -1.61302 -235.909 -315.216 0.261799
4.62551 0 0 -7.92982 39.6491 -0.221449 -1.62435 -239.51 -327.331 0.261799
4.67684 0 0 -7.84883 39.2441 -0.219756 -1.63567 -243.124 -339.719 0.261799
4.72857 0 0 -7.76804 38.8402 -0.218211 -1.647 -246.75 -352.389 0.261799
4.78072 0 0 -7.68744 38.4372 -0.216813 -1.65834 -250.39 -365.353 0.261799
4.83332 0 0 -7.60699 38.035 -0.21556 -1.66971 -254.046 -378.62 0.261799
4.88641 0 0 -7.52665 37.6332 -0.214451 -1.68113 -257.721 -392.205 0.261799
4.94002 0 0 -7.44638 37.2319 -0.213485 -1.6926 -261.415 -406.12 0.261799
4.99408 0 0 -7.36631 36.8315 -0.212662 -1.70411 -265.123 -420.351 0.261799
5.04815 0 0 -7.28707 36.4353 -0.211984 -1.71559 -268.817 -434.789 0.261799
5.10228 0 0 -7.20861 36.043 -0.211446 -1.72705 -272.498 -449.439 0.261799
5.15649 0 0 -7.13088 35.6544 -0.211042 -1.7385 -276.168 -464.31 0.261799
5.21081 0 0 -7.05383 35.2692 -0.210767 -1.74996 -279.829 -479.409 0.261799
5.26525 0 0 -6.97744 34.8872 -0.210615 -1.76143 -283.483 -494.745 0.261799
5.31986 0 0 -6.90164 34.5082 -0.210581 -1.77293 -287.133 -510.326 0.261799
5.37466 0 0 -6.82642 34.1321 -0.21066 -1.78447 -290.78 -526.159 0.261799
5.42967 0 0 -6.75173 33.7586 -0.210846 -1.79606 -294.426 -542.255 0.261799
5.48492 0 0 -6.67753 33.3877 -0.211136 -1.80772 -298.074 -558.623 0.261799
5.54043 0 0 -6.6038 33.019 -0.211524 -1.81945 -301.724 -575.273 0.261799
5.59625 0 0 -6.5305 32.6525 -0.212005 -1.83127 -305.379 -592.214 0.261799
5.65238 0 0 -6.45759 32.2879 -0.212574 -1.84319 -309.042 -609.46 0.261799
5.70887 0 0 -6.38504 31.9252 -0.213228 -1.85521 -312.714 -627.021 0.261799
5.76574 0 0 -6.31283 31.5641 -0.213961 -1.86736 -316.398 -644.911 0.261799
5.82303 0 0 -6.24091 31.2045 -0.214768 -1.87964 -320.096 -663.143 0.261799
5.88077 0 0 -6.16925 30.8463 -0.215646 -1.89207 -323.81 -681.733 0.261799
5.939 0 0 -6.09782 30.4891 -0.21659 -1.90465 -327.544 -700.697 0.261799
5.99776 0 0 -6.02658 30.1329 -0.217596 -1.91741 -331.3 -720.052 0.261799
6.05709 0 0 -5.9555 29.7775 -0.218659 -1.93035 -335.08 -739.819 0.261799
6.11703 0 0 -5.88453 29.4226 -0.219775 -1.94349 -338.889 -760.019 0.261799
6.17764 0 0 -5.81363 29.0681 -0.22094 -1.95684 -342.73 -780.675 0.261799
6.23897 0 0 -5.74275 28.7138 -0.22215 -1.97043 -346.607 -801.814 0.261799
6.30109 0 0 -5.67185 28.3592 -0.2234 -1.98427 -350.524 -823.466 0.261799
6.36406 0 0 -5.60086 28.0043 -0.224688 -1.99838 -354.485 -845.664 0.261799
6.42796 0 0 -5.52973 27.6487 -0.226009 -2.01278 -358.497 -868.446 0.261799
6.49289 0 0 -5.45839 27.2919 -0.227359 -2.0275 -362.565 -891.856 0.261799
6.55896 0 0 -5.38674 26.9337 -0.228735 -2.04256 -366.696 -915.944 0.261799
6.62627 0 0 -5.31471 26.5735 -0.230133 -2.05801 -370.898 -940.771 0.261799
6.695 0 0 -5.24216 26.2108 -0.23155 -2.07387 -375.182 -966.407 0.261799
6.76531 0 0 -5.16896 25.8448 -0.232984 -2.0902 -379.559 -992.94 0.261799
6.83743 0 0 -5.09493 25.4747 -0.234431 -2.10706 -384.044 -1020.48 0.261799
6.90894 0 0 -5.02258 25.1129 -0.235838 -2.12387 -388.485 -1048.1 0.261799
6.97968 0 0 -4.95202 24.7601 -0.237196 -2.1406 -392.876 -1075.74 0.261799
7.04982 0 0 -4.88304 24.4152 -0.238506 -2.15729 -397.227 -1103.45 0.261799
7.11951 0 0 -4.81546 24.0773 -0.239768 -2.17395 -401.548 -1131.28 0.261799
7.18885 0 0 -4.74914 23.7457 -0.240981 -2.19062 -405.846 -1159.27 0.261799
7.25794 0 0 -4.68396 23.4198 -0.242144 -2.20731 -410.128 -1187.46 0.261799
7.32688 0 0 -4.61982 23.0991 -0.243258 -2.22404 -414.401 -1215.88 0.261799
7.39573 0 0 -4.55664 22.7832 -0.244321 -2.24083 -418.669 -1244.56 0.261799
7.46457 0 0 -4.49433 22.4717 -0.245333 -2.25768 -422.937 -1273.53 0.261799
7.53347 0 0 -4.43283 22.1642 -0.246294 -2.27462 -427.21 -1302.81 0.261799
7.60247 0 0 -4.37208 21.8604 -0.247204 -2.29165 -431.492 -1332.44 0.261799
7.67165 0 0 -4.31201 21.56 -0.248061 -2.30878 -435.787 -1362.44 0.261799
7.74104 0 0 -4.25257 21.2628 -0.248868 -2.32602 -440.098 -1392.83 0.261799
7.81072 0 0 -4.19372 20.9686 -0.249622 -2.34339 -444.43 -1423.64 0.261799
7.88073 0 0 -4.13541 20.677 -0.250324 -2.36089 -448.786 -1454.91 0.261799
7.95113 0 0 -4.07759 20.3879 -0.250975 -2.37853 -453.169 -1486.66 0.261799
8.02198 0 0 -4.02022 20.1011 -0.251574 -2.39633 -457.584 -1518.92 0.261799
8.09332 0 0 -3.96326 19.8163 -0.252122 -2.4143 -462.035 -1551.73 0.261799
8.16523 0 0 -3.90668 19.5334 -0.252619 -2.43245 -466.525 -1585.11 0.261799
8.23776 0 0 -3.85041 19.2521 -0.253066 -2.45079 -471.058 -1619.11 0.261799
8.31098 0 0 -3.79444 18.9722 -0.253463 -2.46933 -475.64 -1653.77 0.261799
8.38497 0 0 -3.7387 18.6935 -0.253811 -2.4881 -480.274 -1689.14 0.261799
8.4598 0 0 -3.68317 18.4158 -0.25411 -2.5071 -484.967 -1725.25 0.261799
8.53556 0 0 -3.62778 18.1389 -0.254361 -2.52637 -489.723 -1762.17 0.261799
8.61234 0 0 -3.57249 17.8625 -0.254565 -2.54591 -494.548 -1799.96 0.261799
8.69003 0 0 -3.51742 17.5871 -0.254722 -2.56569 -499.436 -1838.57 0.261799
8.76777 0 0 -3.46315 17.3157 -0.254833 -2.5855 -504.333 -1877.59 0.261799
8.84567 0 0 -3.40961 17.0481 -0.2549 -2.60535 -509.244 -1917.06 0.261799
8.92379 0 0 -3.35675 16.7838 -0.254926 -2.62526 -514.176 -1957.04 0.261799
9.00222 0 0 -3.30451 16.5225 -0.254913 -2.64526 -519.132 -1997.56 0.261799
9.08104 0 0 -3.25283 16.2641 -0.254864 -2.66535 -524.117 -2038.67 0.261799
9.16032 0 0 -3.20165 16.0083 -0.254782 -2.68555 -529.137 -2080.43 0.261799
9.24015 0 0 -3.15094 15.7547 -0.254668 -2.70589 -534.197 -2122.87 0.261799
9.32061 0 0 -3.10065 15.5032 -0.254525 -2.72637 -539.3 -2166.06 0.261799
9.40178 0 0 -3.05072 15.2536 -0.254356 -2.74702 -544.453 -2210.04 0.261799
9.48374 0 0 -3.00111 15.0056 -0.254162 -2.76786 -549.661 -2254.88 0.261799
9.56661 0 0 -2.95178 14.7589 -0.253946 -2.78892 -554.931 -2300.65 0.261799
9.65048 0 0 -2.90268 14.5134 -0.253709 -2.81021 -560.268 -2347.41 0.261799
9.73548 0 0 -2.85376 14.2688 -0.253455 -2.83176 -565.68 -2395.26 0.261799
9.82173 0 0 -2.80495 14.0248 -0.253184 -2.85361 -571.176 -2444.29 0.261799
9.90937 0 0 -2.75621 13.7811 -0.252899 -2.87579 -576.764 -2494.6 0.261799
9.99859 0 0 -2.70747 13.5373 -0.252602 -2.89834 -582.456 -2546.31 0.261799
10.0896 0 0 -2.65864 13.2932 -0.252295 -2.92131 -588.263 -2599.57 0.261799
10.1826 0 0 -2.60964 13.0482 -0.251979 -2.94476 -594.201 -2654.56 0.261799
10.2779 0 0 -2.56037 12.8018 -0.251657 -2.96876 -600.289 -2711.48 0.261799
10.3759 0 0 -2.51068 12.5534 -0.251329 -2.9934 -606.551 -2770.62 0.261799
10.4771 0 0 -2.46039 12.302 -0.250998 -3.01881 -613.016 -2832.3 0.261799
10.5805 0 0 -2.41002 12.0501 -0.25067 -3.04475 -619.628 -2896.04 0.261799
10.6823 0 0 -2.36146 11.8073 -0.250358 -3.07025 -626.135 -2959.45 0.261799
10.7828 0 0 -2.31444 11.5722 -0.250064 -3.09541 -632.566 -3022.73 0.261799
10.8826 0 0 -2.26873 11.3436 -0.249788 -3.12034 -638.943 -3086.14 0.261799
10.9818 0 0 -2.22415 11.1207 -0.249529 -3.14511 -645.288 -3149.86 0.261799
11.0808 0 0 -2.18056 10.9028 -0.249287 -3.1698 -651.617 -3214.03 0.261799
11.1797 0 0 -2.13784 10.6892 -0.249062 -3.19445 -657.942 -3278.81 0.261799
11.2788 0 0 -2.0959 10.4795 -0.248856 -3.21911 -664.275 -3344.3 0.261799
11.3781 0 0 -2.05465 10.2732 -0.248666 -3.24383 -670.628 -3410.64 0.261799
11.478 0 0 -2.01402 10.0701 -0.248495 -3.26866 -677.011 -3477.93 0.261799
11.5785 0 0 -1.97393 9.86966 -0.24834 -3.29363 -683.434 -3546.3 0.261799
11.6798 0 0 -1.93434 9.67168 -0.248203 -3.31878 -689.906 -3615.87 0.261799
11.7821 0 0 -1.89517 9.47584 -0.248083 -3.34416 -696.44 -3686.77 0.261799
11.8855 0 0 -1.85637 9.28185 -0.24798 -3.36981 -703.044 -3759.14 0.261799
11.9903 0 0 -1.81788 9.08942 -0.247894 -3.39579 -709.732 -3833.14 0.261799
12.0966 0 0 -1.77965 8.89825 -0.247824 -3.42213 -716.515 -3908.93 0.261799
12.2046 0 0 -1.74161 8.70805 -0.247769 -3.4489 -723.409 -3986.71 0.261799
12.3147 0 0 -1.70369 8.51847 -0.24773 -3.47616 -730.43 -4066.71 0.261799
12.4263 0 0 -1.66608 8.3304 -0.247706 -3.50382 -737.55 -4148.64 0.261799
12.5381 0 0 -1.62923 8.14614 -0.247696 -3.53152 -744.681 -4231.52 0.261799
12.6504 0 0 -1.59305 7.96525 -0.2477 -3.55933 -751.838 -4315.54 0.261799
12.7634 0 0 -1.55746 7.7873 -0.247715 -3.58731 -759.038 -4400.89 0.261799
12.8773 0 0 -1.52239 7.61193 -0.24774 -3.61553 -766.295 -4487.74 0.261799
12.9923 0 0 -1.48776 7.4388 -0.247776 -3.64403 -773.623 -4576.31 0.261799
13.1087 0 0 -1.45352 7.26759 -0.247819 -3.67288 -781.039 -4666.81 0.261799
13.2268 0 0 -1.4196 7.09798 -0.24787 -3.70214 -788.558 -4759.48 0.261799
13.3468 0 0 -1.38593 6.92965 -0.247928 -3.73189 -796.199 -4854.57 0.261799
13.4691 0 0 -1.35245 6.76224 -0.24799 -3.76221 -803.983 -4952.4 0.261799
13.594 0 0 -1.31908 6.5954 -0.248057 -3.79319 -811.934 -5053.32 0.261799
13.722 0 0 -1.28574 6.42868 -0.248127 -3.82495 -820.081 -5157.78 0.261799
13.8537 0 0 -1.25231 6.26157 -0.2482 -3.85763 -828.462 -5266.33 0.261799
13.9898 0 0 -1.21869 6.09345 -0.248275 -3.89141 -837.121 -5379.66 0.261799
14.1313 0 0 -1.18469 5.92344 -0.24835 -3.92654 -846.124 -5498.74 0.261799
14.2796 0 0 -1.15006 5.7503 -0.248426 -3.96338 -855.561 -5624.94 0.261799
14.4259 0 0 -1.1169 5.5845 -0.248496 -3.99973 -864.869 -5750.78 0.261799
14.5698 0 0 -1.08521 5.42604 -0.248559 -4.0355 -874.026 -5875.91 0.261799
14.7124 0 0 -1.05469 5.27345 -0.248617 -4.07095 -883.101 -6001.21 0.261799
14.8545 0 0 -1.02513 5.12567 -0.248668 -4.10629 -892.143 -6127.36 0.261799
14.9968 0 0 -0.996383 4.98192 -0.248714 -4.14166 -901.193 -6254.9 0.261799
15.1397 0 0 -1 4.86034 -0.248753 -4.1772 -910.285 -6384.31 0.261799
15.2837 0 0 -1 4.71634 -0.248787 -4.21303 -919.448 -6516.05 0.261799
15.4293 0 0 -1 4.57074 -0.248815 -4.24925 -928.713 -6650.6 0.261799
15.5769 0 0 -1 4.42307 -0.248837 -4.286 -938.111 -6788.44 0.261799
15.7272 0 0 -1 4.27281 -0.248854 -4.32339 -947.674 -6930.12 0.261799
15.8806 0 0 -1 4.11938 -0.248866 -4.36157 -957.44 -7076.27 0.261799
16.0379 0 0 -1 3.96209 -0.248873 -4.40071 -967.451 -7227.65 0.261799
16.1983 0 0 -1 3.80173 -0.248875 -4.44062 -977.659 -7383.61 0.261799
16.3592 0 0 -1 3.64078 -0.248872 -4.48068 -987.905 -7541.79 0.261799
16.5215 0 0 -1 3.47852 -0.248867 -4.52106 -998.234 -7702.92 0.261799
16.6857 0 0 -1 3.31428 -0.248858 -4.56194 -1008.69 -7867.73 0.261799
16.8526 0 0 -1 3.14737 -0.248846 -4.60347 -1019.32 -8036.98 0.261799
17.0229 0 0 -1 2.97706 -0.248833 -4.64585 -1030.16 -8211.5 0.261799
17.1975 0 0 -1 2.80249 -0.248818 -4.68929 -1041.28 -8392.31 0.261799
17.3774 0 0 -1 2.62262 -0.248802 -4.73404 -1052.73 -8580.64 0.261799
17.5639 0 0 -1 2.43611 -0.248785 -4.78044 -1064.6 -8778.08 0.261799
17.7589 0 0 -1 2.24115 -0.248768 -4.82895 -1077.02 -8986.85 0.261799
17.965 0 0 -1 2.03497 -0.248751 -4.88024 -1090.15 -9210.26 0.261799
18.1763 0 0 -1 1.82375 -0.248735 -4.93278 -1103.6 -9441.95 0.261799
18.3826 0 0 -1 1.61738 -0.248722 -4.9841 -1116.74 -9671.05 0.261799
18.5869 0 0 -1 1.41314 -0.248711 -5.0349 -1129.74 -9900.46 0.261799
18.7911 0 0 -1 1.20892 -0.248701 -5.08569 -1142.75 -10132.5 0.261799
18.9969 0 0 -1 1.00313 -0.248694 -5.13687 -1155.85 -10369 0.261799
19.2056 0 0 -1 0.794382 -0.248689 -5.18879 -1169.14 -10611.7 0.261799
19.4187 0 0 -1 0.581297 -0.248685 -5.24178 -1182.71 -10862.3 0.261799
19.6377 0 0 -1 0.362341 -0.248683 -5.29623 -1196.65 -11122.8 0.261799
19.8643 0 0 -1 0.135656 -0.248683 -5.3526 -1211.09 -11395.6 0.261799
20 0 0.0174533 -1 0 -0.248683 -5.38634 -1219.72 -11560.5 0.261799
