% Flood Neural Network. Car problem results data file.
% Final time: 1.71316
% Final position error: 0.470854
% Final velocity error: -0.432158
% Column data:
%  1 - Time
%  2 - Position
%  3 - Velocity
%  4 - Acceleration
%  5 - Deceleration
0 0 0 0.666682 -0.198673
0.00171316 6.87073e-07 0.00080228 0.665795 -0.197195
0.00342632 2.74945e-06 0.00160557 0.664908 -0.195717
0.00513948 6.18886e-06 0.00240988 0.664021 -0.194238
0.00685264 1.1007e-05 0.0032152 0.663134 -0.192759
0.0085658 1.72057e-05 0.00402154 0.662247 -0.19128
0.010279 2.47867e-05 0.00482889 0.66136 -0.1898
0.0119921 3.37516e-05 0.00563726 0.660473 -0.188319
0.0137053 4.41023e-05 0.00644664 0.659586 -0.186838
0.0154184 5.58405e-05 0.00725704 0.658699 -0.185357
0.0171316 6.89678e-05 0.00806846 0.657811 -0.183875
0.0188448 8.34862e-05 0.0088809 0.656924 -0.182393
0.0205579 9.93972e-05 0.00969435 0.656036 -0.180911
0.0222711 0.000116703 0.0105088 0.655149 -0.179428
0.0239842 0.000135404 0.0113243 0.654261 -0.177944
0.0256974 0.000155504 0.0121408 0.653373 -0.176461
0.0274106 0.000177003 0.0129584 0.652486 -0.174976
0.0291237 0.000199904 0.0137769 0.651598 -0.173492
0.0308369 0.000224208 0.0145965 0.65071 -0.172007
0.03255 0.000249917 0.0154171 0.649822 -0.170521
0.0342632 0.000277033 0.0162388 0.648934 -0.169036
0.0359764 0.000305557 0.0170614 0.648045 -0.167549
0.0376895 0.000335491 0.0178851 0.647157 -0.166063
0.0394027 0.000366838 0.0187098 0.646269 -0.164576
0.0411158 0.000399598 0.0195355 0.645381 -0.163088
0.042829 0.000433773 0.0203623 0.644492 -0.161601
0.0445422 0.000469366 0.0211901 0.643604 -0.160113
0.0462553 0.000506378 0.0220189 0.642715 -0.158624
0.0479685 0.00054481 0.0228487 0.641827 -0.157135
0.0496816 0.000584665 0.0236796 0.640938 -0.155646
0.0513948 0.000625945 0.0245115 0.64005 -0.154157
0.053108 0.00066865 0.0253444 0.639161 -0.152667
0.0548211 0.000712783 0.0261784 0.638272 -0.151177
0.0565343 0.000758346 0.0270134 0.637384 -0.149686
0.0582474 0.00080534 0.0278494 0.636495 -0.148195
0.0599606 0.000853768 0.0286864 0.635606 -0.146704
0.0616738 0.00090363 0.0295245 0.634717 -0.145212
0.0633869 0.000954929 0.0303636 0.633828 -0.14372
0.0651001 0.00100767 0.0312038 0.632939 -0.142228
0.0668132 0.00106184 0.032045 0.63205 -0.140735
0.0685264 0.00111746 0.0328872 0.631161 -0.139243
0.0702396 0.00117453 0.0337304 0.630272 -0.137749
0.0719527 0.00123303 0.0345747 0.629383 -0.136256
0.0736659 0.00129299 0.0354201 0.628494 -0.134762
0.075379 0.0013544 0.0362664 0.627605 -0.133268
0.0770922 0.00141725 0.0371138 0.626715 -0.131773
0.0788054 0.00148156 0.0379622 0.625826 -0.130279
0.0805185 0.00154732 0.0388117 0.624937 -0.128784
0.0822317 0.00161454 0.0396622 0.624048 -0.127288
0.0839448 0.00168322 0.0405138 0.623158 -0.125793
0.085658 0.00175336 0.0413664 0.622269 -0.124297
0.0873712 0.00182495 0.04222 0.62138 -0.122801
0.0890843 0.00189802 0.0430746 0.62049 -0.121304
0.0907975 0.00197254 0.0439304 0.619601 -0.119808
0.0925106 0.00204854 0.0447871 0.618711 -0.118311
0.0942238 0.002126 0.0456449 0.617822 -0.116813
0.095937 0.00220493 0.0465037 0.616933 -0.115316
0.0976501 0.00228533 0.0473636 0.616043 -0.113818
0.0993633 0.00236721 0.0482245 0.615154 -0.11232
0.101076 0.00245057 0.0490865 0.614264 -0.110822
0.10279 0.0025354 0.0499495 0.613375 -0.109323
0.104503 0.00262171 0.0508135 0.612485 -0.107825
0.106216 0.0027095 0.0516786 0.611596 -0.106326
0.107929 0.00279878 0.0525447 0.610706 -0.104827
0.109642 0.00288954 0.0534119 0.609817 -0.103327
0.111355 0.00298179 0.0542801 0.608927 -0.101828
0.113069 0.00307552 0.0551494 0.608038 -0.100328
0.114782 0.00317075 0.0560197 0.607148 -0.0988277
0.116495 0.00326746 0.056891 0.606259 -0.0973275
0.118208 0.00336567 0.0577634 0.605369 -0.095827
0.119921 0.00346538 0.0586369 0.60448 -0.0943263
0.121634 0.00356658 0.0595114 0.60359 -0.0928254
0.123348 0.00366929 0.0603869 0.602701 -0.0913244
0.125061 0.00377349 0.0612635 0.601811 -0.0898231
0.126774 0.00387919 0.0621412 0.600922 -0.0883217
0.128487 0.0039864 0.0630199 0.600033 -0.08682
0.1302 0.00409512 0.0638996 0.599143 -0.0853182
0.131913 0.00420535 0.0647804 0.598254 -0.0838162
0.133626 0.00431708 0.0656622 0.597364 -0.0823141
0.13534 0.00443033 0.0665451 0.596475 -0.0808117
0.137053 0.00454509 0.0674291 0.595586 -0.0793093
0.138766 0.00466136 0.068314 0.594696 -0.0778066
0.140479 0.00477915 0.0692001 0.593807 -0.0763038
0.142192 0.00489846 0.0700872 0.592918 -0.0748009
0.143905 0.00501929 0.0709753 0.592029 -0.0732978
0.145619 0.00514165 0.0718645 0.591139 -0.0717945
0.147332 0.00526553 0.0727548 0.59025 -0.0702911
0.149045 0.00539093 0.0736461 0.589361 -0.0687876
0.150758 0.00551786 0.0745384 0.588472 -0.067284
0.152471 0.00564632 0.0754318 0.587583 -0.0657802
0.154184 0.00577631 0.0763263 0.586694 -0.0642763
0.155898 0.00590784 0.0772218 0.585805 -0.0627723
0.157611 0.0060409 0.0781184 0.584916 -0.0612682
0.159324 0.0061755 0.079016 0.584027 -0.0597639
0.161037 0.00631164 0.0799146 0.583138 -0.0582596
0.16275 0.00644931 0.0808144 0.582249 -0.0567551
0.164463 0.00658853 0.0817152 0.58136 -0.0552506
0.166177 0.0067293 0.082617 0.580471 -0.0537459
0.16789 0.00687161 0.0835199 0.579583 -0.0522412
0.169603 0.00701546 0.0844238 0.578694 -0.0507364
0.171316 0.00716087 0.0853288 0.577805 -0.0492315
0.173029 0.00730783 0.0862349 0.576917 -0.0477265
0.174742 0.00745634 0.087142 0.576028 -0.0462214
0.176455 0.0076064 0.0880502 0.57514 -0.0447163
0.178169 0.00775803 0.0889594 0.574251 -0.0432111
0.179882 0.00791121 0.0898697 0.573363 -0.0417058
0.181595 0.00806595 0.090781 0.572475 -0.0402005
0.183308 0.00822225 0.0916934 0.571586 -0.0386952
0.185021 0.00838012 0.0926069 0.570698 -0.0371897
0.186734 0.00853956 0.0935214 0.56981 -0.0356843
0.188448 0.00870056 0.094437 0.568922 -0.0341788
0.190161 0.00886313 0.0953536 0.568034 -0.0326732
0.191874 0.00902727 0.0962713 0.567146 -0.0311676
0.193587 0.00919298 0.09719 0.566258 -0.029662
0.1953 0.00936027 0.0981099 0.56537 -0.0281564
0.197013 0.00952914 0.0990307 0.564483 -0.0266507
0.198727 0.00969959 0.0999526 0.563595 -0.025145
0.20044 0.00987161 0.100876 0.562707 -0.0236394
0.202153 0.0100452 0.1018 0.56182 -0.0221337
0.203866 0.0102204 0.102725 0.560932 -0.020628
0.205579 0.0103972 0.103651 0.560045 -0.0191223
0.207292 0.0105756 0.104578 0.559158 -0.0176166
0.209006 0.0107555 0.105506 0.558271 -0.0161109
0.210719 0.0109371 0.106436 0.557384 -0.0146052
0.212432 0.0111202 0.107366 0.556496 -0.0130995
0.214145 0.0113049 0.108298 0.55561 -0.0115939
0.215858 0.0114913 0.10923 0.554723 -0.0100882
0.217571 0.0116792 0.110164 0.553836 -0.00858263
0.219284 0.0118687 0.111098 0.552949 -0.00707706
0.220998 0.0120598 0.112034 0.552063 -0.00557153
0.222711 0.0122526 0.112971 0.551176 -0.00406604
0.224424 0.0124469 0.113909 0.55029 -0.00256059
0.226137 0.0126429 0.114847 0.549403 -0.00105519
0.22785 0.0128404 0.115787 0.548517 0
0.229563 0.0130396 0.116726 0.547631 0
0.231277 0.0132404 0.117664 0.546745 0
0.23299 0.0134427 0.1186 0.545859 0
0.234703 0.0136467 0.119534 0.544973 0
0.236416 0.0138523 0.120467 0.544088 0
0.238129 0.0140595 0.121398 0.543202 0
0.239842 0.0142682 0.122328 0.542317 0
0.241556 0.0144786 0.123256 0.541431 0
0.243269 0.0146906 0.124183 0.540546 0
0.244982 0.0149041 0.125108 0.539661 0
0.246695 0.0151192 0.126032 0.538776 0
0.248408 0.0153359 0.126954 0.537891 0
0.250121 0.0155542 0.127875 0.537006 0
0.251835 0.0157741 0.128794 0.536121 0
0.253548 0.0159955 0.129712 0.535237 0
0.255261 0.0162185 0.130628 0.534352 0
0.256974 0.0164431 0.131543 0.533468 0
0.258687 0.0166692 0.132456 0.532584 0
0.2604 0.0168969 0.133368 0.531699 0
0.262113 0.0171262 0.134278 0.530816 0
0.263827 0.017357 0.135186 0.529932 0
0.26554 0.0175894 0.136094 0.529048 0
0.267253 0.0178233 0.136999 0.528164 0
0.268966 0.0180588 0.137903 0.527281 0
0.270679 0.0182958 0.138806 0.526398 0
0.272392 0.0185344 0.139707 0.525514 0
0.274106 0.0187745 0.140606 0.524631 0
0.275819 0.0190161 0.141504 0.523748 0
0.277532 0.0192593 0.142401 0.522866 0
0.279245 0.019504 0.143296 0.521983 0
0.280958 0.0197503 0.144189 0.521101 0
0.282671 0.0199981 0.145081 0.520218 0
0.284385 0.0202474 0.145972 0.519336 0
0.286098 0.0204982 0.146861 0.518454 0
0.287811 0.0207506 0.147748 0.517572 0
0.289524 0.0210044 0.148634 0.51669 0
0.291237 0.0212598 0.149519 0.515809 0
0.29295 0.0215167 0.150401 0.514927 0
0.294664 0.0217752 0.151283 0.514046 0
0.296377 0.0220351 0.152163 0.513165 0
0.29809 0.0222965 0.153041 0.512284 0
0.299803 0.0225594 0.153918 0.511403 0
0.301516 0.0228239 0.154793 0.510522 0
0.303229 0.0230898 0.155667 0.509642 0
0.304942 0.0233572 0.15654 0.508761 0
0.306656 0.0236262 0.15741 0.507881 0
0.308369 0.0238966 0.15828 0.507001 0
0.310082 0.0241685 0.159148 0.506121 0
0.311795 0.0244419 0.160014 0.505242 0
0.313508 0.0247167 0.160879 0.504362 0
0.315221 0.0249931 0.161742 0.503483 0
0.316935 0.0252709 0.162604 0.502604 0
0.318648 0.0255502 0.163464 0.501725 0
0.320361 0.025831 0.164323 0.500846 0
0.322074 0.0261132 0.16518 0.499967 0
0.323787 0.026397 0.166036 0.499089 0
0.3255 0.0266821 0.16689 0.49821 0
0.327214 0.0269688 0.167743 0.497332 0
0.328927 0.0272569 0.168594 0.496454 0
0.33064 0.0275464 0.169444 0.495576 0
0.332353 0.0278374 0.170292 0.494699 0
0.334066 0.0281299 0.171139 0.493822 0
0.335779 0.0284238 0.171984 0.492944 0
0.337492 0.0287192 0.172828 0.492067 0
0.339206 0.029016 0.17367 0.491191 0
0.340919 0.0293142 0.174511 0.490314 0
0.342632 0.0296139 0.17535 0.489437 0
0.344345 0.029915 0.176188 0.488561 0
0.346058 0.0302176 0.177024 0.487685 0
0.347771 0.0305216 0.177859 0.486809 0
0.349485 0.030827 0.178692 0.485934 0
0.351198 0.0311338 0.179524 0.485058 0
0.352911 0.0314421 0.180354 0.484183 0
0.354624 0.0317518 0.181183 0.483308 0
0.356337 0.0320629 0.18201 0.482433 0
0.35805 0.0323754 0.182836 0.481559 0
0.359764 0.0326893 0.18366 0.480684 0
0.361477 0.0330047 0.184483 0.47981 0
0.36319 0.0333214 0.185304 0.478936 0
0.364903 0.0336396 0.186124 0.478062 0
0.366616 0.0339591 0.186942 0.477189 0
0.368329 0.0342801 0.187759 0.476315 0
0.370043 0.0346025 0.188574 0.475442 0
0.371756 0.0349262 0.189388 0.474569 0
0.373469 0.0352514 0.1902 0.473696 0
0.375182 0.0355779 0.191011 0.472824 0
0.376895 0.0359058 0.19182 0.471952 0
0.378608 0.0362351 0.192628 0.47108 0
0.380321 0.0365658 0.193434 0.470208 0
0.382035 0.0368979 0.194239 0.469336 0
0.383748 0.0372314 0.195042 0.468465 0
0.385461 0.0375662 0.195844 0.467594 0
0.387174 0.0379024 0.196644 0.466723 0
0.388887 0.03824 0.197443 0.465852 0
0.3906 0.0385789 0.19824 0.464982 0
0.392314 0.0389192 0.199036 0.464112 0
0.394027 0.0392608 0.199831 0.463242 0
0.39574 0.0396039 0.200623 0.462372 0
0.397453 0.0399482 0.201415 0.461502 0
0.399166 0.040294 0.202205 0.460633 0
0.400879 0.0406411 0.202993 0.459764 0
0.402593 0.0409895 0.20378 0.458895 0
0.404306 0.0413393 0.204565 0.458027 0
0.406019 0.0416904 0.205349 0.457158 0
0.407732 0.0420429 0.206132 0.45629 0
0.409445 0.0423967 0.206913 0.455423 0
0.411158 0.0427518 0.207692 0.454555 0
0.412872 0.0431083 0.20847 0.453688 0
0.414585 0.0434661 0.209247 0.452821 0
0.416298 0.0438252 0.210022 0.451954 0
0.418011 0.0441857 0.210795 0.451087 0
0.419724 0.0445475 0.211567 0.450221 0
0.421437 0.0449106 0.212338 0.449355 0
0.42315 0.045275 0.213107 0.448489 0
0.424864 0.0456408 0.213875 0.447624 0
0.426577 0.0460078 0.214641 0.446759 0
0.42829 0.0463762 0.215405 0.445894 0
0.430003 0.0467459 0.216168 0.445029 0
0.431716 0.0471169 0.21693 0.444164 0
0.433429 0.0474891 0.21769 0.4433 0
0.435143 0.0478627 0.218449 0.442436 0
0.436856 0.0482376 0.219206 0.441573 0
0.438569 0.0486138 0.219962 0.440709 0
0.440282 0.0489913 0.220716 0.439846 0
0.441995 0.04937 0.221469 0.438983 0
0.443708 0.0497501 0.22222 0.438121 0
0.445422 0.0501314 0.22297 0.437259 0
0.447135 0.0505141 0.223718 0.436396 0
0.448848 0.050898 0.224465 0.435535 0
0.450561 0.0512832 0.225211 0.434673 0
0.452274 0.0516696 0.225955 0.433812 0
0.453987 0.0520574 0.226697 0.432951 0
0.455701 0.0524464 0.227438 0.432091 0
0.457414 0.0528366 0.228178 0.43123 0
0.459127 0.0532282 0.228916 0.43037 0
0.46084 0.053621 0.229652 0.429511 0
0.462553 0.054015 0.230387 0.428651 0
0.464266 0.0544103 0.231121 0.427792 0
0.465979 0.0548069 0.231853 0.426933 0
0.467693 0.0552047 0.232584 0.426074 0
0.469406 0.0556038 0.233313 0.425216 0
0.471119 0.0560042 0.234041 0.424358 0
0.472832 0.0564057 0.234767 0.4235 0
0.474545 0.0568085 0.235492 0.422643 0
0.476258 0.0572126 0.236215 0.421786 0
0.477972 0.0576179 0.236937 0.420929 0
0.479685 0.0580244 0.237657 0.420073 0
0.481398 0.0584322 0.238376 0.419216 0
0.483111 0.0588412 0.239094 0.41836 0
0.484824 0.0592514 0.23981 0.417505 0
0.486537 0.0596628 0.240524 0.41665 0
0.488251 0.0600755 0.241237 0.415795 0
0.489964 0.0604894 0.241949 0.41494 0
0.491677 0.0609045 0.242659 0.414086 0
0.49339 0.0613208 0.243368 0.413232 0
0.495103 0.0617383 0.244075 0.412378 0
0.496816 0.0621571 0.244781 0.411524 0
0.49853 0.062577 0.245485 0.410671 0
0.500243 0.0629982 0.246188 0.409818 0
0.501956 0.0634206 0.246889 0.408966 0
0.503669 0.0638441 0.247589 0.408114 0
0.505382 0.0642689 0.248287 0.407262 0
0.507095 0.0646948 0.248984 0.40641 0
0.508808 0.065122 0.24968 0.405559 0
0.510522 0.0655503 0.250374 0.404708 0
0.512235 0.0659798 0.251066 0.403858 0
0.513948 0.0664105 0.251758 0.403008 0
0.515661 0.0668424 0.252447 0.402158 0
0.517374 0.0672755 0.253136 0.401308 0
0.519087 0.0677098 0.253822 0.400459 0
0.520801 0.0681452 0.254508 0.39961 0
0.522514 0.0685818 0.255191 0.398761 0
0.524227 0.0690195 0.255874 0.397913 0
0.52594 0.0694585 0.256555 0.397065 0
0.527653 0.0698986 0.257234 0.396218 0
0.529366 0.0703398 0.257912 0.39537 0
0.53108 0.0707823 0.258589 0.394524 0
0.532793 0.0712259 0.259264 0.393677 0
0.534506 0.0716706 0.259938 0.392831 0
0.536219 0.0721165 0.26061 0.391985 0
0.537932 0.0725635 0.261281 0.391139 0
0.539645 0.0730117 0.26195 0.390294 0
0.541359 0.0734611 0.262618 0.389449 0
0.543072 0.0739115 0.263285 0.388605 0
0.544785 0.0743632 0.26395 0.387761 0
0.546498 0.0748159 0.264613 0.386917 0
0.548211 0.0752698 0.265275 0.386073 0
0.549924 0.0757248 0.265936 0.38523 0
0.551637 0.076181 0.266595 0.384388 0
0.553351 0.0766383 0.267253 0.383545 0
0.555064 0.0770967 0.267909 0.382703 0
0.556777 0.0775562 0.268564 0.381861 0
0.55849 0.0780169 0.269218 0.38102 0
0.560203 0.0784786 0.26987 0.380179 0
0.561916 0.0789415 0.27052 0.379338 0
0.56363 0.0794055 0.27117 0.378498 0
0.565343 0.0798706 0.271817 0.377658 0
0.567056 0.0803369 0.272464 0.376819 0
0.568769 0.0808042 0.273108 0.37598 0
0.570482 0.0812726 0.273752 0.375141 0
0.572195 0.0817421 0.274394 0.374302 0
0.573909 0.0822128 0.275034 0.373464 0
0.575622 0.0826845 0.275673 0.372626 0
0.577335 0.0831573 0.276311 0.371789 0
0.579048 0.0836312 0.276947 0.370952 0
0.580761 0.0841062 0.277582 0.370115 0
0.582474 0.0845823 0.278215 0.369279 0
0.584188 0.0850595 0.278847 0.368443 0
0.585901 0.0855377 0.279478 0.367608 0
0.587614 0.0860171 0.280107 0.366773 0
0.589327 0.0864975 0.280734 0.365938 0
0.59104 0.0869789 0.281361 0.365104 0
0.592753 0.0874615 0.281985 0.36427 0
0.594466 0.0879451 0.282609 0.363436 0
0.59618 0.0884298 0.283231 0.362603 0
0.597893 0.0889156 0.283851 0.36177 0
0.599606 0.0894024 0.28447 0.360938 0
0.601319 0.0898902 0.285088 0.360105 0
0.603032 0.0903792 0.285704 0.359274 0
0.604745 0.0908692 0.286319 0.358442 0
0.606459 0.0913602 0.286932 0.357611 0
0.608172 0.0918523 0.287544 0.356781 0
0.609885 0.0923454 0.288155 0.355951 0
0.611598 0.0928396 0.288764 0.355121 0
0.613311 0.0933348 0.289371 0.354292 0
0.615024 0.0938311 0.289978 0.353463 0
0.616738 0.0943284 0.290582 0.352634 0
0.618451 0.0948267 0.291186 0.351806 0
0.620164 0.095326 0.291788 0.350978 0
0.621877 0.0958264 0.292388 0.350151 0
0.62359 0.0963279 0.292988 0.349324 0
0.625303 0.0968303 0.293585 0.348497 0
0.627017 0.0973338 0.294182 0.347671 0
0.62873 0.0978383 0.294777 0.346845 0
0.630443 0.0983438 0.29537 0.34602 0
0.632156 0.0988503 0.295962 0.345195 0
0.633869 0.0993578 0.296553 0.34437 0
0.635582 0.0998664 0.297142 0.343546 0
0.637295 0.100376 0.29773 0.342722 0
0.639009 0.100887 0.298316 0.341899 0
0.640722 0.101398 0.298901 0.341076 0
0.642435 0.101911 0.299485 0.340253 0
0.644148 0.102424 0.300067 0.339431 0
0.645861 0.102939 0.300648 0.338609 0
0.647574 0.103454 0.301227 0.337788 0
0.649288 0.103971 0.301805 0.336967 0
0.651001 0.104488 0.302382 0.336146 0
0.652714 0.105007 0.302957 0.335326 0
0.654427 0.105526 0.303531 0.334506 0
0.65614 0.106047 0.304103 0.333687 0
0.657853 0.106568 0.304674 0.332868 0
0.659567 0.107091 0.305244 0.33205 0
0.66128 0.107614 0.305812 0.331232 0
0.662993 0.108139 0.306379 0.330414 0
0.664706 0.108664 0.306944 0.329597 0
0.666419 0.10919 0.307508 0.32878 0
0.668132 0.109718 0.308071 0.327964 0
0.669846 0.110246 0.308632 0.327148 0
0.671559 0.110775 0.309191 0.326332 0
0.673272 0.111305 0.30975 0.325517 0
0.674985 0.111836 0.310307 0.324703 0
0.676698 0.112368 0.310862 0.323888 0
0.678411 0.112901 0.311417 0.323075 0
0.680124 0.113435 0.311969 0.322261 0
0.681838 0.11397 0.312521 0.321448 0
0.683551 0.114506 0.313071 0.320636 0
0.685264 0.115043 0.313619 0.319824 0
0.686977 0.115581 0.314166 0.319012 0
0.68869 0.11612 0.314712 0.318201 0
0.690403 0.116659 0.315257 0.31739 0
0.692117 0.1172 0.3158 0.316579 0
0.69383 0.117741 0.316341 0.315769 0
0.695543 0.118284 0.316882 0.31496 0
0.697256 0.118827 0.317421 0.314151 0
0.698969 0.119371 0.317958 0.313342 0
0.700682 0.119916 0.318494 0.312534 0
0.702396 0.120462 0.319029 0.311726 0
0.704109 0.121009 0.319562 0.310919 0
0.705822 0.121557 0.320094 0.310112 0
0.707535 0.122106 0.320625 0.309306 0
0.709248 0.122656 0.321154 0.3085 0
0.710961 0.123207 0.321682 0.307694 0
0.712675 0.123758 0.322208 0.306889 0
0.714388 0.124311 0.322733 0.306084 0
0.716101 0.124864 0.323257 0.30528 0
0.717814 0.125418 0.323779 0.304476 0
0.719527 0.125973 0.3243 0.303673 0
0.72124 0.126529 0.32482 0.30287 0
0.722953 0.127086 0.325338 0.302068 0
0.724667 0.127644 0.325855 0.301266 0
0.72638 0.128203 0.32637 0.300464 0
0.728093 0.128762 0.326884 0.299663 0
0.729806 0.129323 0.327397 0.298863 0
0.731519 0.129884 0.327908 0.298062 0
0.733232 0.130446 0.328418 0.297263 0
0.734946 0.131009 0.328927 0.296463 0
0.736659 0.131573 0.329434 0.295665 0
0.738372 0.132138 0.32994 0.294866 0
0.740085 0.132704 0.330444 0.294068 0
0.741798 0.13327 0.330947 0.293271 0
0.743511 0.133838 0.331449 0.292474 0
0.745225 0.134406 0.33195 0.291677 0
0.746938 0.134975 0.332449 0.290881 0
0.748651 0.135545 0.332946 0.290086 0
0.750364 0.136116 0.333442 0.28929 0
0.752077 0.136687 0.333937 0.288496 0
0.75379 0.13726 0.334431 0.287701 0
0.755504 0.137833 0.334923 0.286908 0
0.757217 0.138407 0.335414 0.286114 0
0.75893 0.138983 0.335903 0.285322 0
0.760643 0.139558 0.336392 0.284529 0
0.762356 0.140135 0.336878 0.283737 0
0.764069 0.140713 0.337364 0.282946 0
0.765782 0.141291 0.337848 0.282155 0
0.767496 0.14187 0.338331 0.281364 0
0.769209 0.14245 0.338812 0.280574 0
0.770922 0.143031 0.339292 0.279785 0
0.772635 0.143613 0.33977 0.278996 0
0.774348 0.144195 0.340248 0.278207 0
0.776061 0.144779 0.340724 0.277419 0
0.777775 0.145363 0.341198 0.276631 0
0.779488 0.145948 0.341672 0.275844 0
0.781201 0.146533 0.342143 0.275057 0
0.782914 0.14712 0.342614 0.274271 0
0.784627 0.147707 0.343083 0.273485 0
0.78634 0.148295 0.343551 0.2727 0
0.788054 0.148884 0.344018 0.271915 0
0.789767 0.149474 0.344483 0.27113 0
0.79148 0.150065 0.344947 0.270346 0
0.793193 0.150656 0.345409 0.269563 0
0.794906 0.151248 0.34587 0.26878 0
0.796619 0.151841 0.34633 0.267998 0
0.798333 0.152435 0.346788 0.267216 0
0.800046 0.153029 0.347245 0.266434 0
0.801759 0.153625 0.347701 0.265653 0
0.803472 0.154221 0.348156 0.264873 0
0.805185 0.154817 0.348609 0.264092 0
0.806898 0.155415 0.349061 0.263313 0
0.808611 0.156013 0.349511 0.262534 0
0.810325 0.156613 0.34996 0.261755 0
0.812038 0.157213 0.350408 0.260977 0
0.813751 0.157813 0.350854 0.260199 0
0.815464 0.158415 0.351299 0.259422 0
0.817177 0.159017 0.351743 0.258645 0
0.81889 0.15962 0.352186 0.257869 0
0.820604 0.160224 0.352627 0.257094 0
0.822317 0.160828 0.353066 0.256318 0
0.82403 0.161433 0.353505 0.255544 0
0.825743 0.162039 0.353942 0.254769 0
0.827456 0.162646 0.354378 0.253996 0
0.829169 0.163253 0.354812 0.253222 0
0.830883 0.163862 0.355245 0.25245 0
0.832596 0.164471 0.355677 0.251677 0
0.834309 0.16508 0.356108 0.250905 0
0.836022 0.165691 0.356537 0.250134 0
0.837735 0.166302 0.356965 0.249363 0
0.839448 0.166914 0.357391 0.248593 0
0.841162 0.167527 0.357817 0.247823 0
0.842875 0.16814 0.35824 0.247054 0
0.844588 0.168754 0.358663 0.246285 0
0.846301 0.169369 0.359084 0.245517 0
0.848014 0.169984 0.359504 0.244749 0
0.849727 0.170601 0.359923 0.243981 0
0.85144 0.171218 0.36034 0.243215 0
0.853154 0.171835 0.360756 0.242448 0
0.854867 0.172454 0.361171 0.241682 0
0.85658 0.173073 0.361584 0.240917 0
0.858293 0.173692 0.361996 0.240152 0
0.860006 0.174313 0.362407 0.239388 0
0.861719 0.174934 0.362817 0.238624 0
0.863433 0.175556 0.363225 0.23786 0
0.865146 0.176179 0.363632 0.237098 0
0.866859 0.176802 0.364037 0.236335 0
0.868572 0.177426 0.364441 0.235573 0
0.870285 0.178051 0.364844 0.234812 0
0.871998 0.178676 0.365246 0.234051 0
0.873712 0.179302 0.365646 0.233291 0
0.875425 0.179929 0.366045 0.232531 0
0.877138 0.180556 0.366443 0.231771 0
0.878851 0.181184 0.366839 0.231013 0
0.880564 0.181813 0.367234 0.230254 0
0.882277 0.182443 0.367628 0.229496 0
0.883991 0.183073 0.368021 0.228739 0
0.885704 0.183704 0.368412 0.227982 0
0.887417 0.184335 0.368802 0.227226 0
0.88913 0.184967 0.369191 0.22647 0
0.890843 0.1856 0.369578 0.225715 0
0.892556 0.186234 0.369964 0.22496 0
0.894269 0.186868 0.370349 0.224206 0
0.895983 0.187503 0.370732 0.223452 0
0.897696 0.188138 0.371114 0.222699 0
0.899409 0.188774 0.371495 0.221946 0
0.901122 0.189411 0.371875 0.221193 0
0.902835 0.190048 0.372253 0.220442 0
0.904548 0.190686 0.37263 0.21969 0
0.906262 0.191325 0.373006 0.21894 0
0.907975 0.191964 0.37338 0.218189 0
0.909688 0.192604 0.373753 0.21744 0
0.911401 0.193245 0.374125 0.216691 0
0.913114 0.193886 0.374496 0.215942 0
0.914827 0.194528 0.374865 0.215194 0
0.916541 0.195171 0.375233 0.214446 0
0.918254 0.195814 0.3756 0.213699 0
0.919967 0.196458 0.375965 0.212952 0
0.92168 0.197102 0.37633 0.212206 0
0.923393 0.197747 0.376692 0.21146 0
0.925106 0.198393 0.377054 0.210715 0
0.926819 0.199039 0.377414 0.209971 0
0.928533 0.199686 0.377773 0.209227 0
0.930246 0.200333 0.378131 0.208483 0
0.931959 0.200981 0.378488 0.20774 0
0.933672 0.20163 0.378843 0.206998 0
0.935385 0.202279 0.379197 0.206255 0
0.937098 0.202929 0.37955 0.205514 0
0.938812 0.20358 0.379901 0.204773 0
0.940525 0.204231 0.380251 0.204033 0
0.942238 0.204883 0.3806 0.203293 0
0.943951 0.205535 0.380948 0.202553 0
0.945664 0.206188 0.381294 0.201814 0
0.947377 0.206841 0.381639 0.201076 0
0.949091 0.207496 0.381983 0.200338 0
0.950804 0.20815 0.382326 0.199601 0
0.952517 0.208806 0.382667 0.198864 0
0.95423 0.209461 0.383007 0.198128 0
0.955943 0.210118 0.383346 0.197392 0
0.957656 0.210775 0.383684 0.196656 0
0.95937 0.211432 0.38402 0.195922 0
0.961083 0.212091 0.384355 0.195187 0
0.962796 0.212749 0.384689 0.194454 0
0.964509 0.213409 0.385021 0.193721 0
0.966222 0.214069 0.385352 0.192988 0
0.967935 0.214729 0.385682 0.192256 0
0.969648 0.21539 0.386011 0.191524 0
0.971362 0.216052 0.386339 0.190793 0
0.973075 0.216714 0.386665 0.190062 0
0.974788 0.217376 0.38699 0.189332 0
0.976501 0.21804 0.387313 0.188603 0
0.978214 0.218704 0.387636 0.187874 0
0.979927 0.219368 0.387957 0.187145 0
0.981641 0.220033 0.388277 0.186417 0
0.983354 0.220698 0.388596 0.18569 0
0.985067 0.221364 0.388913 0.184963 0
0.98678 0.222031 0.38923 0.184237 0
0.988493 0.222698 0.389545 0.183511 0
0.990206 0.223366 0.389858 0.182785 0
0.99192 0.224034 0.390171 0.182061 0
0.993633 0.224702 0.390482 0.181336 0
0.995346 0.225372 0.390792 0.180613 0
0.997059 0.226041 0.391101 0.179889 0
0.998772 0.226712 0.391409 0.179167 0
1.00049 0.227382 0.391715 0.178444 0
1.0022 0.228054 0.39202 0.177723 0
1.00391 0.228726 0.392324 0.177002 0
1.00562 0.229398 0.392627 0.176281 0
1.00734 0.230071 0.392928 0.175561 0
1.00905 0.230744 0.393228 0.174841 0
1.01076 0.231418 0.393527 0.174122 0
1.01248 0.232093 0.393825 0.173404 0
1.01419 0.232768 0.394121 0.172686 0
1.0159 0.233443 0.394416 0.171968 0
1.01762 0.234119 0.39471 0.171251 0
1.01933 0.234795 0.395003 0.170535 0
1.02104 0.235472 0.395295 0.169819 0
1.02276 0.23615 0.395585 0.169104 0
1.02447 0.236828 0.395874 0.168389 0
1.02618 0.237506 0.396162 0.167675 0
1.0279 0.238185 0.396449 0.166961 0
1.02961 0.238865 0.396734 0.166248 0
1.03132 0.239544 0.397018 0.165535 0
1.03304 0.240225 0.397301 0.164823 0
1.03475 0.240906 0.397583 0.164111 0
1.03646 0.241587 0.397863 0.1634 0
1.03817 0.242269 0.398143 0.16269 0
1.03989 0.242951 0.398421 0.16198 0
1.0416 0.243634 0.398698 0.16127 0
1.04331 0.244317 0.398973 0.160561 0
1.04503 0.245001 0.399248 0.159853 0
1.04674 0.245685 0.399521 0.159145 0
1.04845 0.24637 0.399793 0.158437 0
1.05017 0.247055 0.400064 0.15773 0
1.05188 0.247741 0.400334 0.157024 0
1.05359 0.248427 0.400602 0.156318 0
1.05531 0.249113 0.400869 0.155613 0
1.05702 0.2498 0.401135 0.154908 0
1.05873 0.250488 0.4014 0.154204 0
1.06045 0.251176 0.401664 0.1535 0
1.06216 0.251864 0.401926 0.152797 0
1.06387 0.252553 0.402187 0.152095 0
1.06559 0.253242 0.402447 0.151393 0
1.0673 0.253932 0.402706 0.150691 0
1.06901 0.254622 0.402963 0.14999 0
1.07072 0.255312 0.40322 0.14929 0
1.07244 0.256003 0.403475 0.14859 0
1.07415 0.256695 0.403729 0.14789 0
1.07586 0.257387 0.403982 0.147191 0
1.07758 0.258079 0.404233 0.146493 0
1.07929 0.258772 0.404484 0.145795 0
1.081 0.259465 0.404733 0.145098 0
1.08272 0.260158 0.404981 0.144401 0
1.08443 0.260852 0.405227 0.143705 0
1.08614 0.261547 0.405473 0.143009 0
1.08786 0.262242 0.405717 0.142314 0
1.08957 0.262937 0.405961 0.141619 0
1.09128 0.263633 0.406203 0.140925 0
1.093 0.264329 0.406444 0.140232 0
1.09471 0.265025 0.406683 0.139539 0
1.09642 0.265722 0.406922 0.138846 0
1.09814 0.26642 0.407159 0.138154 0
1.09985 0.267117 0.407395 0.137463 0
1.10156 0.267815 0.40763 0.136772 0
1.10327 0.268514 0.407864 0.136081 0
1.10499 0.269213 0.408096 0.135391 0
1.1067 0.269912 0.408327 0.134702 0
1.10841 0.270612 0.408558 0.134013 0
1.11013 0.271312 0.408787 0.133325 0
1.11184 0.272013 0.409014 0.132637 0
1.11355 0.272713 0.409241 0.13195 0
1.11527 0.273415 0.409467 0.131263 0
1.11698 0.274116 0.409691 0.130577 0
1.11869 0.274818 0.409914 0.129892 0
1.12041 0.275521 0.410136 0.129207 0
1.12212 0.276224 0.410357 0.128522 0
1.12383 0.276927 0.410576 0.127838 0
1.12555 0.27763 0.410795 0.127155 0
1.12726 0.278334 0.411012 0.126472 0
1.12897 0.279039 0.411228 0.125789 0
1.13069 0.279743 0.411443 0.125108 0
1.1324 0.280448 0.411657 0.124426 0
1.13411 0.281154 0.411869 0.123745 0
1.13583 0.28186 0.412081 0.123065 0
1.13754 0.282566 0.412291 0.122385 0
1.13925 0.283272 0.4125 0.121706 0
1.14096 0.283979 0.412708 0.121027 0
1.14268 0.284686 0.412915 0.120349 0
1.14439 0.285394 0.41312 0.119672 0
1.1461 0.286102 0.413325 0.118995 0
1.14782 0.28681 0.413528 0.118318 0
1.14953 0.287519 0.41373 0.117642 0
1.15124 0.288228 0.413931 0.116967 0
1.15296 0.288937 0.414131 0.116292 0
1.15467 0.289647 0.41433 0.115617 0
1.15638 0.290357 0.414527 0.114943 0
1.1581 0.291067 0.414723 0.11427 0
1.15981 0.291778 0.414919 0.113597 0
1.16152 0.292489 0.415113 0.112925 0
1.16324 0.2932 0.415305 0.112253 0
1.16495 0.293912 0.415497 0.111582 0
1.16666 0.294624 0.415688 0.110911 0
1.16838 0.295336 0.415877 0.110241 0
1.17009 0.296048 0.416066 0.109571 0
1.1718 0.296761 0.416253 0.108902 0
1.17351 0.297475 0.416439 0.108234 0
1.17523 0.298188 0.416623 0.107566 0
1.17694 0.298902 0.416807 0.106898 0
1.17865 0.299616 0.41699 0.106231 0
1.18037 0.300331 0.417171 0.105565 0
1.18208 0.301046 0.417351 0.104899 0
1.18379 0.301761 0.417531 0.104233 0
1.18551 0.302476 0.417709 0.103568 0
1.18722 0.303192 0.417885 0.102904 0
1.18893 0.303908 0.418061 0.10224 0
1.19065 0.304624 0.418236 0.101577 0
1.19236 0.305341 0.418409 0.100914 0
1.19407 0.306058 0.418582 0.100252 0
1.19579 0.306775 0.418753 0.0995904 0
1.1975 0.307493 0.418923 0.0989293 0
1.19921 0.308211 0.419092 0.0982687 0
1.20093 0.308929 0.419259 0.0976086 0
1.20264 0.309647 0.419426 0.096949 0
1.20435 0.310366 0.419592 0.09629 0
1.20606 0.311085 0.419756 0.0956314 0
1.20778 0.311804 0.419919 0.0949735 0
1.20949 0.312524 0.420081 0.094316 0
1.2112 0.313243 0.420242 0.0936591 0
1.21292 0.313964 0.420402 0.0930027 0
1.21463 0.314684 0.420561 0.0923468 0
1.21634 0.315404 0.420719 0.0916915 0
1.21806 0.316125 0.420875 0.0910367 0
1.21977 0.316847 0.421031 0.0903824 0
1.22148 0.317568 0.421185 0.0897286 0
1.2232 0.31829 0.421338 0.0890754 0
1.22491 0.319012 0.42149 0.0884227 0
1.22662 0.319734 0.421641 0.0877705 0
1.22834 0.320456 0.421791 0.0871189 0
1.23005 0.321179 0.42194 0.0864678 0
1.23176 0.321902 0.422087 0.0858172 0
1.23348 0.322625 0.422234 0.0851671 0
1.23519 0.323349 0.422379 0.0845176 0
1.2369 0.324072 0.422523 0.0838685 0
1.23861 0.324796 0.422666 0.0832201 0
1.24033 0.325521 0.422808 0.0825721 0
1.24204 0.326245 0.422949 0.0819247 0
1.24375 0.32697 0.423089 0.0812777 0
1.24547 0.327695 0.423228 0.0806314 0
1.24718 0.32842 0.423365 0.0799855 0
1.24889 0.329145 0.423502 0.0793402 0
1.25061 0.329871 0.423637 0.0786953 0
1.25232 0.330597 0.423771 0.0780511 0
1.25403 0.331323 0.423905 0.0774073 0
1.25575 0.332049 0.424037 0.0767641 0
1.25746 0.332776 0.424168 0.0761213 0
1.25917 0.333503 0.424297 0.0754792 0
1.26089 0.33423 0.424426 0.0748375 0
1.2626 0.334957 0.424554 0.0741963 0
1.26431 0.335684 0.42468 0.0735557 0
1.26603 0.336412 0.424806 0.0729156 0
1.26774 0.33714 0.42493 0.0722761 0
1.26945 0.337868 0.425054 0.071637 0
1.27116 0.338596 0.425176 0.0709985 0
1.27288 0.339325 0.425297 0.0703605 0
1.27459 0.340053 0.425417 0.069723 0
1.2763 0.340782 0.425536 0.069086 0
1.27802 0.341511 0.425654 0.0684496 0
1.27973 0.342241 0.42577 0.0678137 0
1.28144 0.34297 0.425886 0.0671783 0
1.28316 0.3437 0.426 0.0665434 0
1.28487 0.34443 0.426114 0.065909 0
1.28658 0.34516 0.426226 0.0652752 0
1.2883 0.34589 0.426338 0.0646419 0
1.29001 0.346621 0.426448 0.0640091 0
1.29172 0.347351 0.426557 0.0633768 0
1.29344 0.348082 0.426665 0.0627451 0
1.29515 0.348813 0.426772 0.0621139 0
1.29686 0.349544 0.426878 0.0614831 0
1.29858 0.350276 0.426982 0.0608529 0
1.30029 0.351007 0.427086 0.0602233 0
1.302 0.351739 0.427189 0.0595941 0
1.30371 0.352471 0.42729 0.0589655 0
1.30543 0.353203 0.427391 0.0583374 0
1.30714 0.353935 0.42749 0.0577097 0
1.30885 0.354668 0.427589 0.0570827 0
1.31057 0.355401 0.427686 0.0564561 0
1.31228 0.356133 0.427782 0.05583 0
1.31399 0.356866 0.427877 0.0552045 0
1.31571 0.357599 0.427971 0.0545795 0
1.31742 0.358333 0.428064 0.053955 0
1.31913 0.359066 0.428156 0.053331 0
1.32085 0.3598 0.428247 0.0527075 0
1.32256 0.360533 0.428337 0.0520846 0
1.32427 0.361267 0.428425 0.0514622 0
1.32599 0.362001 0.428513 0.0508402 0
1.3277 0.362735 0.4286 0.0502188 0
1.32941 0.36347 0.428685 0.0495979 0
1.33113 0.364204 0.428769 0.0489776 0
1.33284 0.364939 0.428853 0.0483577 0
1.33455 0.365674 0.428935 0.0477384 0
1.33626 0.366409 0.429016 0.0471195 0
1.33798 0.367144 0.429097 0.0465012 0
1.33969 0.367879 0.429176 0.0458834 0
1.3414 0.368614 0.429254 0.0452661 0
1.34312 0.36935 0.429331 0.0446493 0
1.34483 0.370085 0.429407 0.044033 0
1.34654 0.370821 0.429482 0.0434173 0
1.34826 0.371557 0.429556 0.042802 0
1.34997 0.372293 0.429628 0.0421873 0
1.35168 0.373029 0.4297 0.0415731 0
1.3534 0.373765 0.429771 0.0409594 0
1.35511 0.374501 0.42984 0.0403462 0
1.35682 0.375238 0.429909 0.0397335 0
1.35854 0.375974 0.429977 0.0391213 0
1.36025 0.376711 0.430043 0.0385096 0
1.36196 0.377448 0.430109 0.0378985 0
1.36368 0.378185 0.430173 0.0372878 0
1.36539 0.378922 0.430236 0.0366777 0
1.3671 0.379659 0.430299 0.0360681 0
1.36881 0.380396 0.43036 0.0354589 0
1.37053 0.381133 0.43042 0.0348503 0
1.37224 0.381871 0.430479 0.0342422 0
1.37395 0.382608 0.430537 0.0336346 0
1.37567 0.383346 0.430595 0.0330275 0
1.37738 0.384084 0.430651 0.0324209 0
1.37909 0.384821 0.430706 0.0318149 0
1.38081 0.385559 0.43076 0.0312093 0
1.38252 0.386297 0.430813 0.0306042 0
1.38423 0.387035 0.430864 0.0299997 0
1.38595 0.387774 0.430915 0.0293956 0
1.38766 0.388512 0.430965 0.0287921 0
1.38937 0.38925 0.431014 0.028189 0
1.39109 0.389989 0.431062 0.0275865 0
1.3928 0.390727 0.431109 0.0269844 0
1.39451 0.391466 0.431154 0.0263829 0
1.39623 0.392204 0.431199 0.0257819 0
1.39794 0.392943 0.431243 0.0251814 0
1.39965 0.393682 0.431285 0.0245813 0
1.40136 0.394421 0.431327 0.0239818 0
1.40308 0.39516 0.431367 0.0233828 0
1.40479 0.395899 0.431407 0.0227843 0
1.4065 0.396638 0.431445 0.0221863 0
1.40822 0.397377 0.431483 0.0215888 0
1.40993 0.398116 0.431519 0.0209918 0
1.41164 0.398856 0.431555 0.0203953 0
1.41336 0.399595 0.431589 0.0197993 0
1.41507 0.400334 0.431623 0.0192038 0
1.41678 0.401074 0.431655 0.0186088 0
1.4185 0.401813 0.431686 0.0180143 0
1.42021 0.402553 0.431717 0.0174202 0
1.42192 0.403293 0.431746 0.0168267 0
1.42364 0.404032 0.431774 0.0162337 0
1.42535 0.404772 0.431802 0.0156412 0
1.42706 0.405512 0.431828 0.0150492 0
1.42878 0.406252 0.431853 0.0144577 0
1.43049 0.406991 0.431878 0.0138667 0
1.4322 0.407731 0.431901 0.0132762 0
1.43391 0.408471 0.431923 0.0126861 0
1.43563 0.409211 0.431944 0.0120966 0
1.43734 0.409951 0.431965 0.0115076 0
1.43905 0.410691 0.431984 0.0109191 0
1.44077 0.411431 0.432002 0.010331 0
1.44248 0.412172 0.432019 0.00974348 0
1.44419 0.412912 0.432035 0.00915643 0
1.44591 0.413652 0.43205 0.00856988 0
1.44762 0.414392 0.432065 0.00798382 0
1.44933 0.415132 0.432078 0.00739825 0
1.45105 0.415872 0.43209 0.00681318 0
1.45276 0.416613 0.432101 0.0062286 0
1.45447 0.417353 0.432111 0.00564452 0
1.45619 0.418093 0.432121 0.00506093 0
1.4579 0.418834 0.432129 0.00447783 0
1.45961 0.419574 0.432136 0.00389522 0
1.46133 0.420314 0.432142 0.0033131 0
1.46304 0.421054 0.432147 0.00273147 0
1.46475 0.421795 0.432151 0.00215034 0
1.46646 0.422535 0.432155 0.00156969 0
1.46818 0.423276 0.432157 0.000989539 0
1.46989 0.424016 0.432158 0.000409874 0
1.4716 0.424756 0.432158 0 0
1.47332 0.425497 0.432158 0 0
1.47503 0.426237 0.432158 0 0
1.47674 0.426977 0.432158 0 0
1.47846 0.427718 0.432158 0 0
1.48017 0.428458 0.432158 0 0
1.48188 0.429198 0.432158 0 0
1.4836 0.429939 0.432158 0 0
1.48531 0.430679 0.432158 0 0
1.48702 0.431419 0.432158 0 0
1.48874 0.43216 0.432158 0 0
1.49045 0.4329 0.432158 0 0
1.49216 0.433641 0.432158 0 0
1.49388 0.434381 0.432158 0 0
1.49559 0.435121 0.432158 0 0
1.4973 0.435862 0.432158 0 0
1.49901 0.436602 0.432158 0 0
1.50073 0.437342 0.432158 0 0
1.50244 0.438083 0.432158 0 0
1.50415 0.438823 0.432158 0 0
1.50587 0.439563 0.432158 0 0
1.50758 0.440304 0.432158 0 0
1.50929 0.441044 0.432158 0 0
1.51101 0.441784 0.432158 0 0
1.51272 0.442525 0.432158 0 0
1.51443 0.443265 0.432158 0 0
1.51615 0.444006 0.432158 0 0
1.51786 0.444746 0.432158 0 0
1.51957 0.445486 0.432158 0 0
1.52129 0.446227 0.432158 0 0
1.523 0.446967 0.432158 0 0
1.52471 0.447707 0.432158 0 0
1.52643 0.448448 0.432158 0 0
1.52814 0.449188 0.432158 0 0
1.52985 0.449928 0.432158 0 0
1.53156 0.450669 0.432158 0 0
1.53328 0.451409 0.432158 0 0
1.53499 0.452149 0.432158 0 0
1.5367 0.45289 0.432158 0 0
1.53842 0.45363 0.432158 0 0
1.54013 0.45437 0.432158 0 0
1.54184 0.455111 0.432158 0 0
1.54356 0.455851 0.432158 0 0
1.54527 0.456592 0.432158 0 0
1.54698 0.457332 0.432158 0 0
1.5487 0.458072 0.432158 0 0
1.55041 0.458813 0.432158 0 0
1.55212 0.459553 0.432158 0 0
1.55384 0.460293 0.432158 0 0
1.55555 0.461034 0.432158 0 0
1.55726 0.461774 0.432158 0 0
1.55898 0.462514 0.432158 0 0
1.56069 0.463255 0.432158 0 0
1.5624 0.463995 0.432158 0 0
1.56411 0.464735 0.432158 0 0
1.56583 0.465476 0.432158 0 0
1.56754 0.466216 0.432158 0 0
1.56925 0.466957 0.432158 0 0
1.57097 0.467697 0.432158 0 0
1.57268 0.468437 0.432158 0 0
1.57439 0.469178 0.432158 0 0
1.57611 0.469918 0.432158 0 0
1.57782 0.470658 0.432158 0 0
1.57953 0.471399 0.432158 0 0
1.58125 0.472139 0.432158 0 0
1.58296 0.472879 0.432158 0 0
1.58467 0.47362 0.432158 0 0
1.58639 0.47436 0.432158 0 0
1.5881 0.4751 0.432158 0 0
1.58981 0.475841 0.432158 0 0
1.59153 0.476581 0.432158 0 0
1.59324 0.477322 0.432158 0 0
1.59495 0.478062 0.432158 0 0
1.59667 0.478802 0.432158 0 0
1.59838 0.479543 0.432158 0 0
1.60009 0.480283 0.432158 0 0
1.6018 0.481023 0.432158 0 0
1.60352 0.481764 0.432158 0 0
1.60523 0.482504 0.432158 0 0
1.60694 0.483244 0.432158 0 0
1.60866 0.483985 0.432158 0 0
1.61037 0.484725 0.432158 0 0
1.61208 0.485465 0.432158 0 0
1.6138 0.486206 0.432158 0 0
1.61551 0.486946 0.432158 0 0
1.61722 0.487687 0.432158 0 0
1.61894 0.488427 0.432158 0 0
1.62065 0.489167 0.432158 0 0
1.62236 0.489908 0.432158 0 0
1.62408 0.490648 0.432158 0 0
1.62579 0.491388 0.432158 0 0
1.6275 0.492129 0.432158 0 0
1.62922 0.492869 0.432158 0 0
1.63093 0.493609 0.432158 0 0
1.63264 0.49435 0.432158 0 0
1.63435 0.49509 0.432158 0 0
1.63607 0.49583 0.432158 0 0
1.63778 0.496571 0.432158 0 0
1.63949 0.497311 0.432158 0 0
1.64121 0.498052 0.432158 0 0
1.64292 0.498792 0.432158 0 0
1.64463 0.499532 0.432158 0 0
1.64635 0.500273 0.432158 0 0
1.64806 0.501013 0.432158 0 0
1.64977 0.501753 0.432158 0 0
1.65149 0.502494 0.432158 0 0
1.6532 0.503234 0.432158 0 0
1.65491 0.503974 0.432158 0 0
1.65663 0.504715 0.432158 0 0
1.65834 0.505455 0.432158 0 0
1.66005 0.506195 0.432158 0 0
1.66177 0.506936 0.432158 0 0
1.66348 0.507676 0.432158 0 0
1.66519 0.508416 0.432158 0 0
1.6669 0.509157 0.432158 0 0
1.66862 0.509897 0.432158 0 0
1.67033 0.510638 0.432158 0 0
1.67204 0.511378 0.432158 0 0
1.67376 0.512118 0.432158 0 0
1.67547 0.512859 0.432158 0 0
1.67718 0.513599 0.432158 0 0
1.6789 0.514339 0.432158 0 0
1.68061 0.51508 0.432158 0 0
1.68232 0.51582 0.432158 0 0
1.68404 0.51656 0.432158 0 0
1.68575 0.517301 0.432158 0 0
1.68746 0.518041 0.432158 0 0
1.68918 0.518781 0.432158 0 0
1.69089 0.519522 0.432158 0 0
1.6926 0.520262 0.432158 0 0
1.69432 0.521003 0.432158 0 0
1.69603 0.521743 0.432158 0 0
1.69774 0.522483 0.432158 0 0
1.69945 0.523224 0.432158 0 0
1.70117 0.523964 0.432158 0 0
1.70288 0.524704 0.432158 0 0
1.70459 0.525445 0.432158 0 0
1.70631 0.526185 0.432158 0 0
1.70802 0.526925 0.432158 0 0
1.70973 0.527666 0.432158 0 0
1.71145 0.528406 0.432158 0 0
1.71316 0.529146 0.432158 0 0
